problem: breast_cancer
shape: tetrahedron
rot: zyz
num_training: 200
num_test: 50
preprocess: scaling
max_converge_number: 10
threshold_of_converge: 0.0001
data_seed_num: 40
param_seed_nums: [60110, 75954, 68678, 4174, 32150, 37018, 87104, 83505, 87073, 27044]
t_5_cv: 1160.6624536000002 s
t_10_seeds: 119.57171259999996 s
[enc_dim,num_qubits,num_layers,num_reupload,num_rot]: [[5, 1, 1, 1, 2], [5, 1, 2, 1, 2], [5, 1, 3, 1, 2]]
[learning_rate,max_epoch,batch_size,dynamic_size,threshold]: [((0.15, 0.05, 0.01, 0.001, 0.0001), 600, 300, 50, (0.05, 0.03, 0.01)), ((0.15, 0.05, 0.01), 600, 50, 50, (0.05, 0.03, 0.01)), ((0.15, 0.05, 0.01), 600, 50, 50, (0.05, 0.03, 0.01))]
params of setting [5, 1, 1, 1, 2]：
    circ: [[[[[ 0.37110818  0.07454969  1.16633807]
    [ 0.53153908 -0.94746494  0.2012702 ]]]]] 
    loss: [[1.00193095 1.02495239 0.65123588 0.8904634 ]] 
    scaling: [[[[ 0.59055559  0.40612535  0.08790418  0.3174118  -0.03361852]]]] 
params of setting [5, 1, 2, 1, 2]：
    circ: [[[[[1.3503683  1.12625879 0.75304726]
    [0.42662778 1.22557745 0.36676715]]]]



 [[[[0.76255074 0.43627504 0.81795   ]
    [0.08772071 1.40844521 0.13118742]]]]] 
    loss: [[0.9332774  0.97512991 1.10113436 1.10125871]] 
    scaling: [[[[ 0.62637945  0.26523309  0.18175535  0.33996855 -0.08815929]]]


 [[[-0.18047229  0.57945621  0.17440036 -0.03633867  0.14916296]]]] 
params of setting [5, 1, 3, 1, 2]：
    circ: [[[[[ 0.67064397 -0.6704111   0.51564628]
    [ 1.19462062  0.36294931  0.03524671]]]]



 [[[[ 0.2309412   0.74741538  0.50404079]
    [ 0.87933846  0.10730828  0.00426102]]]]



 [[[[ 0.58709537  0.50628718  0.11775994]
    [ 0.35525978  0.11441179  0.67865873]]]]] 
    loss: [[0.94406094 0.97963164 1.15577941 1.01329657]] 
    scaling: [[[[ 6.32957776e-01  9.17256699e-01  5.88712429e-01 -1.35292105e-03
    -2.63778988e-04]]]


 [[[ 5.57317647e-01 -4.52874449e-01  2.03960940e-01 -4.40814226e-01
    -5.25608883e-01]]]


 [[[ 9.89046029e-02 -8.19654697e-01  6.50321084e-01  8.66612374e-01
     4.00940485e-01]]]] 
