problem: breast_cancer
shape: tetrahedron
rot: zyz
num_training: 200
num_test: 50
preprocess: scaling
max_converge_number: 10
threshold_of_converge: 0.0001
data_seed_num: 40
param_seed_nums: [60110, 75954, 68678, 4174, 32150, 37018, 87104, 83505, 87073, 27044]
t_5_cv: 1957.0669351 s
t_10_seeds: 259.6144268000003 s
[enc_dim,num_qubits,num_layers,num_reupload,num_rot]: [[5, 1, 1, 1, 3], [5, 2, 1, 1, 3], [5, 3, 1, 1, 3]]
[learning_rate,max_epoch,batch_size,dynamic_size,threshold]: [((0.15, 0.05, 0.01, 0.001, 0.0001), 600, 300, 50, (0.05, 0.03, 0.01)), ((0.15, 0.05, 0.01), 600, 100, 50, (0.05, 0.03, 0.01)), ((0.15, 0.05, 0.01), 600, 300, 50, (0.05, 0.03, 0.01))]
params of setting [5, 1, 1, 1, 3]：
    circ: [[[[[-0.33110808  1.01908627  0.24234978]
    [ 0.0414064  -0.28487478  0.67177171]
    [ 0.79073523 -0.47597741  1.04721002]]]]] 
    loss: [[1.00192571 1.02495168 0.65122378 0.89054829]] 
    scaling: [[[[ 0.59054177  0.40611018  0.08789909  0.31741016 -0.03361711]]]] 
params of setting [5, 2, 1, 1, 3]：
    circ: [[[[[ 1.16965543  1.08475189  0.31240376]
    [-0.03341534  1.86489442 -0.11465934]
    [ 0.45897784  2.36617624  1.04535249]]

   [[ 0.58995801  1.52418084  0.87705542]
    [ 0.27684336  0.49271258  0.02554827]
    [ 0.41386484  0.60362011  0.08310274]]]]] 
    loss: [[0.95199308 0.89473873 0.3767224  0.14176176]
 [1.16478402 1.29688743 0.75630011 0.67813378]] 
    scaling: [[[[ 0.0430116   0.0046258   0.01323821  0.01230406 -0.00317305]
   [ 0.6377532  -0.21789328  0.20960339 -0.25472076 -0.06962705]]]] 
params of setting [5, 3, 1, 1, 3]：
    circ: [[[[[-0.34426224  0.79710151  0.3408673 ]
    [-0.28603176  0.61125637 -0.23187455]
    [ 0.24562241  0.49098193  1.00375289]]

   [[-1.64005888  1.30143744 -1.12094936]
    [ 1.46139432  1.2141031   0.50053907]
    [ 0.3947751   0.10894354  0.19374661]]

   [[ 0.10280271  0.70183409 -0.0443219 ]
    [ 0.30774802 -0.45639696  0.93478741]
    [ 1.60765563  0.99261902  0.30320121]]]]] 
    loss: [[0.65466614 0.08563257 0.42119562 0.96122901]
 [1.54260468 1.31696263 0.68417587 0.57912169]
 [1.24459615 1.27770923 0.70876599 0.68274918]] 
    scaling: [[[[-0.38720773  0.19621968 -0.15536081  0.18421782 -0.041721  ]
   [ 0.40894432  0.09487641  0.16184619  0.21161657  0.06353469]
   [ 0.65228828  0.28220857  0.24492925  0.2012282   0.07063283]]]] 
