problem: breast_cancer
shape: tetrahedron
rot: zyz
num_training: 200
num_test: 50
preprocess: scaling
max_converge_number: 10
threshold_of_converge: 0.0001
data_seed_num: 40
param_seed_nums: [60110, 75954, 68678, 4174, 32150, 37018, 87104, 83505, 87073, 27044]
t_5_cv: 1431.1143184 s
t_10_seeds: 191.02120670000022 s
[enc_dim,num_qubits,num_layers,num_reupload,num_rot]: [[5, 1, 1, 1, 3], [5, 2, 1, 1, 3], [5, 3, 1, 1, 3]]
[learning_rate,max_epoch,batch_size,dynamic_size,threshold]: [((0.15, 0.05, 0.01), 60, 300, 50, (0.05, 0.03, 0.01)), ((0.15, 0.05, 0.01), 60, 100, 50, (0.05, 0.03, 0.01)), ((0.15, 0.05, 0.01), 60, 300, 50, (0.05, 0.03, 0.01))]
params of setting [5, 1, 1, 1, 3]：
    circ: [[[[[-0.33419041  1.17096296  0.21847434]
    [ 0.01753097 -0.44219728  0.65238499]
    [ 0.77134851 -0.30370237  1.2217375 ]]]]] 
    loss: [[0.95847568]] 
    scaling: [[[[0.64406923 0.45190795 0.07871651 0.31814238 0.00757604]]]] 
params of setting [5, 2, 1, 1, 3]：
    circ: [[[[[-0.77645172 -0.32024152  1.17799557]
    [ 0.83217647  1.77591078 -0.02361229]
    [ 0.55002489  1.04771815  0.96511718]]

   [[-0.37561021  1.46898997 -0.76507691]
    [ 0.89012771  0.12905234  1.23748773]
    [ 0.58229946  0.31121502 -0.17274737]]]]] 
    loss: [[0.26648837]
 [1.02327402]] 
    scaling: [[[[-0.64172695  0.30334472 -0.13664276  0.41880804 -0.03200685]
   [ 0.6463702  -0.26530133  0.09946693 -0.4605621   0.02444789]]]] 
params of setting [5, 3, 1, 1, 3]：
    circ: [[[[[ 1.04908366 -0.01508215  0.66391487]
    [ 0.51061114  0.69750188  0.58805769]
    [ 1.40373786  1.26939497  1.66397955]]

   [[-0.15082048  0.93696941 -0.54240841]
    [ 1.06226176  0.21592147  0.37975074]
    [ 0.08494075  0.52176077 -0.02274041]]

   [[ 0.61752246  1.83431887  1.09410603]
    [ 1.43753015 -0.21199191  0.06711853]
    [ 0.57168151  0.76300308  1.27601821]]]]] 
    loss: [[0.09994833]
 [1.11984884]
 [1.07727475]] 
    scaling: [[[[ 0.34396094  0.0511678   0.16069172  0.13366881  0.02659826]
   [ 0.15908385 -0.08872859  0.06867893 -0.10581245 -0.01154685]
   [ 0.39029053  1.06968189  0.74358278 -0.1190234   0.25503252]]]] 
